    unsorted:	 6.331451723 7.111250795 7.789785650 5.817946237 9.059880501 11.93812022 12.19643342 10.33020454 12.94892422 1.334004569 1.016041653 0.7451794220 24.02704130 28.58850571 31.17564832 40.25303158 44.48651478 50.27198721 66.58393427 77.41849585 86.06495612 99.86966327 138.1419263 143.3017724 163.7914575 177.1288436 234.0142585 238.7107205 257.7746820 281.5985865 325.4348853 323.7436800 316.8758931 300.0110407 333.8632254 386.7265983 402.5037118 422.5664414 484.3599006 477.9881238 501.3322154 507.3417679 520.7793453 647.5768559 675.8461544 718.4646115 769.9348272 860.7930899 952.9855113 1140.256411 1197.042502 1277.150854 1355.365343 1503.093611 1632.277984 1667.977328 1863.197942 2003.209116 2063.023483 2403.651210 2817.992613 3210.221341 4767.637106 5859.142374 8906.577737 28675.03991 47138.89205
      sorted:	 0.7451794220 1.016041653 1.334004569 5.817946237 6.331451723 7.111250795 7.789785650 9.059880501 10.33020454 11.93812022 12.19643342 12.94892422 24.02704130 28.58850571 31.17564832 40.25303158 44.48651478 50.27198721 66.58393427 77.41849585 86.06495612 99.86966327 138.1419263 143.3017724 163.7914575 177.1288436 234.0142585 238.7107205 257.7746820 281.5985865 300.0110407 316.8758931 323.7436800 325.4348853 333.8632254 386.7265983 402.5037118 422.5664414 477.9881238 484.3599006 501.3322154 507.3417679 520.7793453 647.5768559 675.8461544 718.4646115 769.9348272 860.7930899 952.9855113 1140.256411 1197.042502 1277.150854 1355.365343 1503.093611 1632.277984 1667.977328 1863.197942 2003.209116 2063.023483 2403.651210 2817.992613 3210.221341 4767.637106 5859.142374 8906.577737 28675.03991 47138.89205
