    unsorted:	 24.51393839 23.08040974 6.328052578 5.880780816 7.956535399 13.15987008 12.55736321 10.45518924 1.388397331 1.039225189 0.7146141794 26.80581158 30.19584604 32.84876993 40.87399648 45.55269579 67.58684140 77.04801530 98.75571418 108.3712159 137.0411603 145.5146034 167.0442303 187.7473359 237.3808294 242.1316225 339.0335464 339.2670502 324.2833576 320.9340184 301.7613587 276.4623966 353.7563012 403.9264315 418.9280239 440.8972821 506.8255307 508.8716204 511.1938974 501.6923048 490.1532384 656.4295263 688.5172415 727.8669751 775.2326732 868.4303767 951.1370778 1144.441893 1200.134626 1267.464221 1384.414095 1461.999724 1624.767635 1669.955325 1858.675474 2023.607184 2079.216734 2424.847245 2848.005436 3192.763571 4747.343066 5818.200584 8874.658928 29180.65314 47254.59984
      sorted:	 0.7146141794 1.039225189 1.388397331 5.880780816 6.328052578 7.956535399 10.45518924 12.55736321 13.15987008 23.08040974 24.51393839 26.80581158 30.19584604 32.84876993 40.87399648 45.55269579 67.58684140 77.04801530 98.75571418 108.3712159 137.0411603 145.5146034 167.0442303 187.7473359 237.3808294 242.1316225 276.4623966 301.7613587 320.9340184 324.2833576 339.0335464 339.2670502 353.7563012 403.9264315 418.9280239 440.8972821 490.1532384 501.6923048 506.8255307 508.8716204 511.1938974 656.4295263 688.5172415 727.8669751 775.2326732 868.4303767 951.1370778 1144.441893 1200.134626 1267.464221 1384.414095 1461.999724 1624.767635 1669.955325 1858.675474 2023.607184 2079.216734 2424.847245 2848.005436 3192.763571 4747.343066 5818.200584 8874.658928 29180.65314 47254.59984
